0 0.1340388007054674 0.39124044679600234 0.2391975308641975 0.15579071134626696 0.025314 0.383363 2 0.047431 0.365463 2 0 0 0 0.099722 0.323333 2 0.206188 0.342847 2 0.186105 0.377715 2 0.066881 0.416575 2 0 0 0 0.150905 0.440075 2 0.202803 0.453113 2 0.191405 0.415682 2 0.188046 0.395755 2 0.246099 0.362256 2 0.239388 0.403038 2 0.230961 0.449438 2
0 0.5723379629629629 0.7352941176470588 0.034381808278867096 0.09713144517066083 0.561526 0.714746 2 0.578125 0.708981 2 0.558889 0.705185 2 0 0 0 0 0 0 0 0 0 0.582122 0.737136 2 0 0 0 0 0 0 0 0 0 0 0 0 0 0 0 0.567111 0.765185 2 0 0 0 0.577 0.780296 2
0 0.3648757869661392 0.9021751460495717 0.02233282286881059 0.06083035562361753 0 0 0 0.372426 0.890902 2 0.35892 0.889626 2 0.36562 0.876865 2 0 0 0 0 0 0 0 0 0 0 0 0 0 0 0 0 0 0 0 0 0 0.363403 0.926944 2 0 0 0 0 0 0 0 0 0
0 0.24253841607565008 0.6587536117677961 0.08520488573680064 0.11327817178881008 0.206786 0.709097 2 0.204515 0.68502 2 0 0 0 0.217917 0.649156 2 0.250259 0.614434 2 0.257749 0.631515 2 0 0 0 0 0 0 0 0 0 0.266014 0.674778 2 0.264306 0.652685 2 0.26076 0.642902 2 0.266833 0.615923 2 0.272611 0.632024 2 0.275308 0.647152 2
0 0.24503682356708292 0.670242288397908 0.151496958053154 0.1654392144305689 0.172891 0.604333 2 0.1877 0.601932 2 0 0 0 0 0 0 0.287298 0.65457 2 0.275314 0.679211 2 0 0 0 0 0 0 0 0 0 0.265009 0.730585 2 0.266913 0.706392 2 0.270497 0.6931 2 0.317764 0.70908 2 0.302419 0.724313 2 0.289203 0.747611 2
0 0.275169535732916 0.7468266388454182 0.15779864371413665 0.09215788558511562 0.205235 0.771095 2 0.218176 0.75068 2 0 0 0 0 0 0 0 0 0 0 0 0 0.239137 0.775469 2 0 0 0 0.297463 0.77474 2 0.326808 0.766963 2 0.316419 0.754326 2 0.322434 0.742418 2 0.348732 0.706824 2 0.346675 0.738286 2 0.346129 0.756999 2
0 0.2417975040257649 0.8274288781535158 0.1348631239935588 0.0889023081052067 0.182417 0.818874 2 0.194998 0.805119 2 0 0 0 0 0 0 0 0 0 0 0 0 0 0 0 0 0 0 0 0 0 0 0 0 0 0 0 0 0 0 0 0 0 0 0 0 0 0 0
0 0.08440761203192142 0.7406895846122364 0.16881522406384283 0.17290771434417843 0 0 0 0 0 0 0 0 0 0.023706 0.688699 2 0.114234 0.689753 2 0.11318 0.741233 2 0.016327 0.758275 2 0 0 0 0.078392 0.794118 2 0.108568 0.820297 2 0.109783 0.775009 2 0.113017 0.759577 2 0.153356 0.732344 2 0.153016 0.768655 2 0.143995 0.807916 2
0 0.11184038581847516 0.8716027202932669 0.08274939908793073 0.1500681856845733 0.076736 0.806759 2 0.086734 0.814053 2 0 0 0 0 0 0 0.148505 0.867053 2 0.141799 0.894744 2 0 0 0 0 0 0 0 0 0 0 0 0 0 0 0 0.132399 0.910953 2 0.150066 0.910486 2 0.14167 0.92378 2 0.131 0.941506 2
0 0.11175832633641199 0.9249463569362814 0.11579904841869576 0.09982274465901671 0 0 0 0 0 0 0 0 0 0 0 0 0 0 0 0 0 0 0 0 0 0 0 0 0.114339 0.968665 2 0.143359 0.96948 2 0.125336 0.95088 2 0 0 0 0.165417 0.920185 2 0.157986 0.941296 2 0.152847 0.970556 2
0 0.1284364050168648 0.9864286221086989 0.04720912335854865 0.025290903930750716 0.110135 0.997765 2 0.127081 0.992362 2 0.111388 0.985071 1 0 0 0 0 0 0 0 0 0 0 0 0 0 0 0 0 0 0 0 0 0 0 0 0 0 0 0 0 0 0 0 0 0 0 0 0
0 0.48270861222668454 0.8692176111854826 0.11378848728246314 0.07994942733898561 0 0 0 0 0 0 0 0 0 0 0 0 0 0 0 0 0 0 0 0 0 0 0 0 0 0 0 0 0 0 0 0 0 0 0 0 0 0 0 0 0 0 0 0 0
0 0.652694109772423 0.9002677376171351 0.1486501561802766 0.11750706529822992 0.592035 0.911052 2 0.616577 0.892087 2 0 0 0 0 0 0 0 0 0 0 0 0 0 0 0 0 0 0 0 0 0 0 0 0 0 0 0 0 0 0 0 0 0 0 0 0 0 0 0
0 0.8553101294065149 0.911795329466012 0.11769299419901828 0.07883385393425549 0 0 0 0 0 0 0 0 0 0 0 0 0 0 0 0 0 0 0 0 0 0 0 0 0 0 0 0 0 0 0 0 0 0 0 0 0 0 0 0 0 0 0 0 0
0 0.8486425554756749 0.9690075115275919 0.12666931443193918 0.060133125092964534 0 0 0 0 0 0 0.898817 0.97687 2 0.861439 0.950128 2 0.815299 0.966679 2 0.81038 0.993067 2 0 0 0 0 0 0 0 0 0 0 0 0 0 0 0 0 0 0 0 0 0 0 0 0 0 0 0
0 0.9362933810197736 0.963913470993117 0.11066444148890832 0.07032120616191422 0 0 0 0 0 0 0 0 0 0 0 0 0 0 0 0 0 0 0 0 0 0 0 0 0 0 0 0 0 0 0 0 0 0 0 0 0 0 0 0 0 0 0 0 0
0 0.5766039823008848 0.43117010816125856 0.16254916420845616 0.10775155686660108 0.502975 0.409718 2 0.51773 0.400037 2 0 0 0 0.548795 0.381128 2 0.618698 0.410332 2 0.613668 0.428124 2 0 0 0 0 0 0 0.581905 0.457186 2 0.609191 0.476547 2 0.609659 0.453282 2 0.611549 0.440653 2 0.640748 0.432779 2 0.633858 0.450423 2 0.629921 0.467921 2
0 0.6285282258064515 0.4111409796893668 0.14038231780167262 0.15681003584229392 0.690132 0.372561 2 0 0 0 0.663064 0.361609 2 0.651528 0.336944 2 0.597057 0.368172 2 0.596737 0.391587 2 0 0 0 0 0 0 0 0 0 0 0 0 0 0 0 0 0 0 0 0 0 0 0 0 0 0 0
0 0.7606589147286823 0.44724375538329025 0.061369509043927746 0.11068044788975026 0 0 0 0 0 0 0.787119 0.438873 2 0.751721 0.406096 2 0 0 0 0.749631 0.437398 2 0 0 0 0 0 0 0 0 0 0.747911 0.496559 2 0.749385 0.466241 2 0.750246 0.450344 2 0.737709 0.436906 2 0.736849 0.458538 2 0.739553 0.481481 2
0 0.8071621061359866 0.4425787728026534 0.19796849087893859 0.1520176893311221 0.713251 0.443613 2 0.727883 0.424743 2 0 0 0 0.763625 0.386202 2 0.843024 0.369891 2 0.842904 0.422184 2 0.749472 0.480234 1 0 0 0 0.815438 0.48775 2 0.864493 0.482473 2 0.848302 0.455927 2 0.849861 0.442014 2 0.89124 0.395637 2 0.895078 0.447131 2 0.877447 0.492388 2
0 0.7359271523178808 0.759381898454746 0.12440213392200153 0.07297032131469221 0 0 0 0 0 0 0 0 0 0 0 0 0 0 0 0 0 0 0 0 0 0 0 0 0 0 0 0 0 0 0 0 0 0 0 0 0 0 0 0 0 0 0 0 0
